Precision: 0.8701001278666887, 
Recall: 0.8762744560427168, 
F1 Score: 0.873176377249239