Precision: 0.8785671299099911, 
Recall: 0.8885036374645812, 
F1 Score: 0.8835074464410237